# relative_time, cycles_done, cur_path, paths_total, pending_total, pending_favs, map_size, unique_crashes, unique_hangs, max_depth, execs_per_sec, total_execs, edges_found
61, 3, 177, 400, 335, 0, 7.92%, 0, 0, 5, 16934.50, 1236416, 441
66, 3, 75, 402, 336, 0, 7.92%, 0, 0, 5, 17407.69, 1319594, 441
71, 4, 15, 405, 338, 0, 7.92%, 0, 0, 5, 18127.69, 1413853, 441
76, 4, 97, 408, 336, 0, 7.92%, 0, 0, 5, 19228.96, 1510783, 441
81, 4, 10, 409, 335, 0, 7.92%, 0, 0, 5, 18246.19, 1599295, 441
86, 5, 52, 410, 334, 0, 7.92%, 0, 0, 5, 18648.09, 1693842, 441
91, 5, 177, 412, 333, 0, 7.92%, 0, 0, 5, 19426.88, 1792592, 441
96, 5, 89, 412, 329, 0, 7.92%, 0, 0, 5, 16563.01, 1874765, 441
101, 5, 42, 412, 326, 0, 7.92%, 0, 0, 5, 16922.81, 1958519, 441
106, 5, 30, 413, 323, 0, 7.92%, 0, 0, 5, 16846.85, 2045349, 441
111, 6, 130, 414, 322, 0, 7.92%, 0, 0, 5, 17515.15, 2128208, 441
116, 6, 140, 414, 317, 0, 7.92%, 0, 0, 5, 18323.57, 2222216, 441
121, 6, 25, 414, 314, 0, 7.92%, 0, 0, 5, 18670.59, 2319119, 441
127, 7, 35, 414, 309, 0, 7.92%, 0, 0, 5, 19332.19, 2416480, 441
132, 7, 10, 415, 308, 0, 7.92%, 0, 0, 5, 18963.77, 2513287, 441
137, 7, 10, 415, 303, 0, 7.92%, 0, 0, 5, 18667.79, 2607640, 441
142, 8, 22, 415, 299, 0, 7.92%, 0, 0, 5, 17811.20, 2698023, 441
147, 8, 10, 416, 297, 0, 7.92%, 0, 0, 5, 16097.61, 2779342, 441
152, 8, 89, 417, 295, 0, 7.92%, 0, 0, 5, 18132.69, 2873523, 441
157, 8, 52, 417, 294, 0, 7.92%, 0, 0, 5, 18912.80, 2968131, 441
162, 9, 220, 417, 293, 0, 7.92%, 0, 0, 5, 18414.07, 3060655, 441
167, 9, 89, 419, 288, 0, 7.92%, 0, 0, 5, 18030.68, 3151412, 441
172, 9, 35, 421, 289, 0, 7.92%, 0, 0, 5, 18679.25, 3246817, 441
177, 10, 35, 421, 287, 0, 7.92%, 0, 0, 5, 18127.23, 3338923, 441
182, 10, 40, 421, 284, 0, 7.92%, 0, 0, 5, 17656.92, 3426659, 441
187, 10, 130, 421, 282, 0, 7.92%, 0, 0, 5, 18076.86, 3517393, 441
193, 11, 112, 421, 280, 0, 7.92%, 0, 0, 5, 19915.71, 3621353, 441
198, 11, 418, 422, 279, 0, 7.92%, 0, 0, 5, 19185.50, 3718216, 441
203, 11, 177, 423, 277, 0, 7.92%, 0, 0, 5, 20272.68, 3821785, 441
208, 12, 35, 423, 274, 0, 7.92%, 0, 0, 5, 19152.91, 3916624, 441
213, 12, 0, 423, 272, 0, 7.92%, 0, 0, 5, 18281.62, 4008354, 441
218, 12, 10, 425, 271, 0, 7.92%, 0, 0, 5, 18125.12, 4099476, 441
223, 12, 22, 425, 268, 0, 7.92%, 0, 0, 5, 16772.10, 4182168, 441
228, 13, 10, 425, 267, 0, 7.92%, 0, 0, 5, 14902.97, 4256399, 441
233, 13, 40, 425, 266, 0, 7.92%, 0, 0, 5, 12998.33, 4318859, 441
238, 13, 214, 425, 266, 0, 7.92%, 0, 0, 5, 11335.05, 4373834, 441
243, 13, 15, 425, 264, 0, 7.92%, 0, 0, 5, 16344.33, 4456795, 441
248, 14, 52, 426, 263, 0, 7.92%, 0, 0, 5, 17932.65, 4548426, 441
253, 14, 52, 427, 261, 0, 7.92%, 0, 0, 5, 19764.52, 4650720, 441
259, 14, 177, 428, 260, 0, 7.92%, 0, 0, 5, 17911.85, 4742111, 441
264, 14, 10, 429, 259, 0, 7.92%, 0, 0, 5, 18411.31, 4834521, 441
269, 15, 145, 429, 256, 0, 7.92%, 0, 0, 5, 17212.15, 4920465, 441
274, 15, 145, 429, 254, 0, 7.92%, 0, 0, 5, 17787.40, 5012011, 441
279, 15, 35, 429, 252, 0, 7.92%, 0, 0, 5, 17201.66, 5100539, 441
284, 16, 10, 429, 249, 0, 7.92%, 0, 0, 5, 18028.03, 5194300, 441
289, 16, 35, 429, 249, 0, 7.92%, 0, 0, 5, 18147.97, 5286802, 441
294, 16, 10, 429, 248, 0, 7.92%, 0, 0, 5, 19202.84, 5384194, 441
299, 16, 22, 431, 248, 0, 7.92%, 0, 0, 5, 18740.69, 5476782, 441
304, 17, 35, 432, 247, 0, 7.92%, 0, 0, 5, 18828.90, 5572711, 441
309, 17, 35, 432, 244, 0, 7.92%, 0, 0, 5, 17208.49, 5658763, 441
314, 17, 10, 432, 244, 0, 7.92%, 0, 0, 5, 18459.01, 5750959, 441
319, 18, 61, 432, 244, 0, 7.92%, 0, 0, 5, 18057.59, 5842511, 441
324, 18, 0, 432, 242, 0, 7.92%, 0, 0, 5, 18898.83, 5939514, 441
329, 18, 10, 432, 238, 0, 7.92%, 0, 0, 5, 18646.22, 6033859, 441
335, 18, 214, 432, 238, 0, 7.92%, 0, 0, 5, 19120.72, 6131826, 441
340, 19, 35, 432, 237, 0, 7.92%, 0, 0, 5, 18375.84, 6225481, 441
345, 19, 177, 435, 236, 0, 7.92%, 0, 0, 5, 19103.74, 6323104, 441
350, 19, 10, 435, 234, 0, 7.92%, 0, 0, 5, 18335.17, 6415550, 441
355, 20, 177, 436, 229, 0, 7.92%, 0, 0, 5, 19118.93, 6512819, 441
360, 20, 75, 436, 227, 0, 7.92%, 0, 0, 5, 18062.47, 6604497, 441
365, 20, 146, 436, 226, 0, 7.92%, 0, 0, 5, 18567.94, 6698309, 441
370, 21, 15, 436, 224, 0, 7.92%, 0, 0, 5, 18653.02, 6792980, 441
375, 21, 35, 436, 221, 0, 7.92%, 0, 0, 5, 18407.22, 6886939, 441
380, 21, 315, 436, 221, 0, 7.92%, 0, 0, 5, 15695.74, 6969979, 441
385, 21, 89, 436, 218, 0, 7.92%, 0, 0, 5, 17641.77, 7060383, 441
390, 22, 61, 436, 215, 0, 7.92%, 0, 0, 5, 17910.56, 7152377, 441
395, 22, 177, 436, 212, 0, 7.92%, 0, 0, 5, 18481.49, 7247387, 441
401, 22, 75, 436, 211, 0, 7.92%, 0, 0, 5, 15746.04, 7326470, 441
406, 22, 52, 436, 210, 0, 7.92%, 0, 0, 5, 16857.93, 7415090, 441
411, 23, 75, 436, 210, 0, 7.92%, 0, 0, 5, 17378.47, 7502127, 441
416, 23, 15, 437, 211, 0, 7.92%, 0, 0, 5, 17558.50, 7591152, 441
421, 23, 35, 437, 210, 0, 7.92%, 0, 0, 5, 17983.63, 7684680, 441
426, 24, 10, 437, 210, 0, 7.92%, 0, 0, 5, 18514.26, 7779286, 441
431, 24, 10, 437, 210, 0, 7.92%, 0, 0, 5, 15870.90, 7856575, 441
436, 24, 262, 437, 207, 0, 7.92%, 0, 0, 5, 15340.80, 7933217, 441
441, 24, 4, 438, 205, 0, 7.92%, 0, 0, 5, 16777.74, 8019041, 441
446, 25, 177, 439, 205, 0, 7.92%, 0, 0, 5, 19330.50, 8120396, 441
451, 25, 15, 439, 202, 0, 7.92%, 0, 0, 5, 18096.25, 8212955, 441
456, 25, 22, 439, 201, 0, 7.92%, 0, 0, 5, 18762.71, 8308984, 441
461, 25, 40, 439, 199, 0, 7.92%, 0, 0, 5, 17875.65, 8398262, 441
466, 26, 15, 439, 197, 0, 7.92%, 0, 0, 5, 18157.64, 8492048, 441
472, 26, 22, 439, 195, 0, 7.92%, 0, 0, 5, 17392.32, 8576993, 441
477, 26, 35, 440, 195, 0, 7.92%, 0, 0, 5, 18790.52, 8673251, 441
482, 27, 177, 440, 192, 0, 7.92%, 0, 0, 5, 17765.92, 8765213, 441
487, 27, 10, 440, 191, 0, 7.92%, 0, 0, 5, 17843.63, 8856574, 441
492, 27, 177, 444, 194, 0, 7.92%, 0, 0, 5, 16836.84, 8941789, 441
497, 27, 89, 447, 195, 0, 7.92%, 0, 0, 5, 17912.91, 9032032, 441
502, 28, 35, 450, 194, 0, 7.92%, 0, 0, 5, 17513.13, 9122142, 441
507, 28, 4, 451, 194, 0, 7.92%, 0, 0, 5, 18913.38, 9220414, 441
512, 28, 177, 452, 194, 0, 7.92%, 0, 0, 5, 18460.10, 9315114, 441
517, 28, 145, 452, 194, 0, 7.92%, 0, 0, 5, 18833.73, 9410833, 441
522, 29, 177, 463, 202, 0, 7.92%, 0, 0, 5, 18356.22, 9503756, 441
527, 29, 52, 465, 203, 0, 7.92%, 0, 0, 5, 18417.32, 9597250, 441
532, 29, 35, 465, 202, 0, 7.92%, 0, 0, 5, 17935.50, 9688248, 441
537, 29, 318, 466, 202, 0, 7.92%, 0, 0, 5, 18357.94, 9781067, 441
543, 30, 35, 466, 201, 0, 7.92%, 0, 0, 5, 17445.09, 9870256, 441
548, 30, 52, 467, 200, 0, 7.92%, 0, 0, 5, 18455.00, 9964164, 441
553, 30, 40, 472, 205, 0, 7.92%, 0, 0, 5, 17445.26, 10051147, 441
558, 30, 75, 473, 205, 0, 7.92%, 0, 0, 5, 18200.70, 10144882, 441
563, 31, 89, 473, 205, 0, 7.92%, 0, 0, 5, 17187.62, 10231939, 441
568, 31, 75, 474, 206, 0, 7.92%, 0, 0, 5, 17415.56, 10319902, 441
573, 31, 35, 476, 205, 0, 7.92%, 0, 0, 5, 17256.40, 10408401, 441
578, 31, 61, 476, 202, 0, 7.92%, 0, 0, 5, 17449.58, 10497490, 441
583, 31, 15, 477, 202, 0, 7.92%, 0, 0, 5, 17313.24, 10585978, 441
588, 32, 75, 477, 200, 0, 7.92%, 0, 0, 5, 17530.13, 10674861, 441
593, 32, 89, 477, 199, 0, 7.92%, 0, 0, 5, 16756.05, 10760034, 441
598, 32, 177, 478, 199, 0, 7.92%, 0, 0, 5, 17859.03, 10852872, 441
604, 32, 35, 533, 253, 0, 7.92%, 0, 0, 5, 4034.57, 10896789, 441
609, 32, 173, 555, 275, 0, 7.92%, 0, 0, 5, 951.99, 10923790, 441
614, 32, 94, 569, 288, 0, 7.92%, 0, 0, 5, 525.03, 10947561, 441
619, 32, 71, 579, 298, 0, 7.92%, 0, 0, 5, 787.48, 10962606, 441
624, 32, 104, 585, 304, 0, 7.92%, 0, 0, 5, 214.57, 10969930, 441
629, 32, 22, 586, 305, 0, 7.92%, 0, 0, 5, 7462.81, 10974400, 441
634, 32, 35, 590, 309, 0, 7.92%, 0, 0, 5, 102.40, 10980275, 441
639, 32, 75, 590, 309, 0, 7.92%, 0, 0, 5, 1934.82, 10983396, 441
644, 32, 10, 593, 312, 0, 7.92%, 0, 0, 5, 835.50, 10990946, 441
649, 32, 177, 594, 313, 0, 7.92%, 0, 0, 5, 9565.13, 11005240, 441
654, 32, 91, 596, 315, 0, 7.92%, 0, 0, 5, 125.08, 11010904, 441
659, 32, 103, 597, 315, 0, 7.92%, 0, 0, 5, 1313.00, 11026468, 441
665, 32, 35, 598, 315, 0, 7.92%, 0, 0, 5, 93.43, 11045345, 441
671, 32, 35, 599, 316, 0, 7.92%, 0, 0, 5, 180.03, 11051436, 441
676, 32, 135, 600, 317, 0, 7.92%, 0, 0, 5, 68.52, 11059099, 441
682, 32, 177, 601, 318, 0, 7.92%, 0, 0, 5, 62.65, 11068901, 441
688, 32, 89, 601, 318, 0, 7.92%, 0, 0, 5, 840.00, 11083694, 441
693, 32, 35, 601, 318, 0, 7.92%, 0, 0, 5, 5914.80, 11099315, 441
698, 32, 177, 602, 319, 0, 7.92%, 0, 0, 5, 70.96, 11117174, 441
704, 32, 15, 603, 319, 0, 7.92%, 0, 0, 5, 585.12, 11140437, 441
709, 32, 10, 603, 319, 0, 7.92%, 0, 0, 5, 6434.15, 11157930, 441
715, 32, 177, 603, 319, 0, 7.92%, 0, 0, 5, 110.24, 11174237, 441
721, 32, 35, 604, 320, 0, 7.92%, 0, 0, 5, 945.04, 11195676, 441
726, 32, 15, 605, 321, 0, 7.92%, 0, 0, 5, 707.71, 11211361, 441
731, 32, 257, 605, 321, 0, 7.92%, 0, 0, 5, 3886.78, 11223018, 441
737, 32, 126, 605, 321, 0, 7.92%, 0, 0, 5, 536.74, 11236926, 441
742, 32, 435, 606, 322, 0, 7.92%, 0, 0, 5, 7131.42, 11246563, 441
747, 32, 35, 606, 321, 0, 7.92%, 0, 0, 5, 9398.01, 11266917, 441
753, 32, 71, 606, 321, 0, 7.92%, 0, 0, 5, 1026.05, 11284589, 441
759, 32, 130, 607, 322, 0, 7.92%, 0, 0, 5, 137.67, 11294531, 441
765, 32, 61, 607, 322, 0, 7.92%, 0, 0, 5, 1374.66, 11302836, 441
770, 32, 126, 607, 322, 0, 7.92%, 0, 0, 5, 1597.01, 11314250, 441
775, 32, 257, 608, 323, 0, 7.92%, 0, 0, 5, 1084.91, 11326249, 441
780, 32, 89, 608, 323, 0, 7.92%, 0, 0, 5, 412.38, 11329440, 441
785, 32, 177, 608, 323, 0, 7.92%, 0, 0, 5, 1750.28, 11334778, 441
791, 33, 42, 608, 323, 0, 7.92%, 0, 0, 5, 2363.23, 11349296, 441
797, 33, 145, 608, 323, 0, 7.92%, 0, 0, 5, 434.49, 11355238, 441
802, 33, 145, 608, 323, 0, 7.92%, 0, 0, 5, 61.07, 11356617, 441
807, 33, 4, 608, 323, 0, 7.92%, 0, 0, 5, 6215.57, 11374833, 441
813, 33, 15, 608, 323, 0, 7.92%, 0, 0, 5, 567.10, 11384105, 441
818, 33, 15, 608, 323, 0, 7.92%, 0, 0, 5, 7935.88, 11403231, 441
825, 33, 10, 608, 323, 0, 7.92%, 0, 0, 5, 52.13, 11411874, 441
830, 33, 278, 608, 323, 0, 7.92%, 0, 0, 5, 4152.36, 11429728, 441
835, 33, 15, 608, 323, 0, 7.92%, 0, 0, 5, 75.40, 11434734, 441
841, 33, 126, 608, 323, 0, 7.92%, 0, 0, 5, 935.20, 11441146, 441
846, 33, 22, 608, 323, 0, 7.92%, 0, 0, 5, 269.66, 11444717, 441
851, 33, 10, 608, 323, 0, 7.92%, 0, 0, 5, 1631.81, 11459596, 441
856, 33, 0, 608, 323, 0, 7.92%, 0, 0, 5, 2227.21, 11482062, 441
861, 33, 127, 608, 322, 0, 7.92%, 0, 0, 5, 6253.90, 11504435, 441
867, 33, 112, 608, 322, 0, 7.92%, 0, 0, 5, 2989.11, 11519999, 441
872, 33, 220, 608, 322, 0, 7.92%, 0, 0, 5, 415.25, 11528425, 441
877, 33, 4, 608, 322, 0, 7.92%, 0, 0, 5, 12517.17, 11545711, 441
882, 33, 177, 608, 322, 0, 7.92%, 0, 0, 5, 190.09, 11557590, 441
888, 33, 22, 608, 322, 0, 7.92%, 0, 0, 5, 791.67, 11572032, 441
893, 33, 35, 608, 322, 0, 7.92%, 0, 0, 5, 232.12, 11580533, 441
898, 33, 130, 608, 322, 0, 7.92%, 0, 0, 5, 5341.91, 11596521, 441
903, 33, 32, 608, 322, 0, 7.92%, 0, 0, 5, 326.98, 11609075, 441
908, 33, 75, 608, 322, 0, 7.92%, 0, 0, 5, 8336.86, 11625293, 441
913, 33, 112, 608, 322, 0, 7.92%, 0, 0, 5, 5698.72, 11640746, 441
919, 33, 35, 608, 322, 0, 7.92%, 0, 0, 5, 263.32, 11654381, 441
925, 33, 40, 608, 322, 0, 7.92%, 0, 0, 5, 2075.35, 11671473, 441
931, 33, 22, 608, 322, 0, 7.92%, 0, 0, 5, 146.86, 11691056, 441
937, 33, 89, 608, 322, 0, 7.92%, 0, 0, 5, 4250.40, 11702224, 441
942, 33, 177, 608, 322, 0, 7.92%, 0, 0, 5, 6796.88, 11715501, 441
947, 33, 135, 608, 322, 0, 7.92%, 0, 0, 5, 540.85, 11729857, 441
952, 33, 35, 608, 322, 0, 7.92%, 0, 0, 5, 796.60, 11738838, 441
958, 33, 71, 608, 322, 0, 7.92%, 0, 0, 5, 10896.99, 11757474, 441
963, 33, 35, 608, 322, 0, 7.92%, 0, 0, 5, 49.13, 11771251, 441
968, 33, 126, 608, 322, 0, 7.92%, 0, 0, 5, 5010.00, 11778502, 441
974, 33, 145, 609, 323, 0, 7.92%, 0, 0, 5, 573.88, 11782298, 441
979, 33, 61, 609, 323, 0, 7.92%, 0, 0, 5, 219.55, 11790080, 441
985, 33, 10, 609, 323, 0, 7.92%, 0, 0, 5, 392.24, 11799219, 441
990, 33, 71, 609, 323, 0, 7.92%, 0, 0, 5, 6650.76, 11814796, 441
995, 33, 10, 609, 323, 0, 7.92%, 0, 0, 5, 72.92, 11822891, 441
1000, 33, 10, 609, 323, 0, 7.92%, 0, 0, 5, 5492.35, 11839285, 441
1005, 33, 4, 609, 323, 0, 7.92%, 0, 0, 5, 3118.28, 11852087, 441
1010, 33, 4, 609, 323, 0, 7.92%, 0, 0, 5, 49.79, 11854639, 441
1015, 33, 22, 609, 323, 0, 7.92%, 0, 0, 5, 4401.76, 11859462, 441
1022, 33, 177, 609, 323, 0, 7.92%, 0, 0, 5, 154.17, 11871170, 441
1029, 33, 80, 609, 323, 0, 7.92%, 0, 0, 5, 785.17, 11882972, 441
1034, 33, 94, 609, 323, 0, 7.92%, 0, 0, 5, 7484.15, 11889293, 441
1039, 33, 35, 609, 323, 0, 7.92%, 0, 0, 5, 2769.45, 11903853, 441
1045, 33, 177, 609, 323, 0, 7.92%, 0, 0, 5, 944.71, 11926110, 441
1051, 33, 35, 609, 323, 0, 7.92%, 0, 0, 5, 56.82, 11934381, 441
1056, 33, 10, 609, 323, 0, 7.92%, 0, 0, 5, 1679.88, 11948137, 441
1061, 33, 177, 609, 323, 0, 7.92%, 0, 0, 5, 58.72, 11966142, 441
1067, 33, 4, 609, 323, 0, 7.92%, 0, 0, 5, 545.79, 11987753, 441
1072, 33, 4, 609, 323, 0, 7.92%, 0, 0, 5, 154.61, 11989249, 441
1077, 33, 4, 609, 323, 0, 7.92%, 0, 0, 5, 103.35, 11989687, 441
1082, 33, 140, 609, 323, 0, 7.92%, 0, 0, 5, 4238.01, 12002776, 441
1087, 33, 177, 609, 323, 0, 7.92%, 0, 0, 5, 9112.54, 12011395, 441
1092, 33, 5, 609, 323, 0, 7.92%, 0, 0, 5, 1588.06, 12021854, 441
1097, 33, 61, 609, 322, 0, 7.92%, 0, 0, 5, 54.21, 12029722, 441
1102, 33, 112, 609, 322, 0, 7.92%, 0, 0, 5, 2792.55, 12040315, 441
1107, 33, 4, 609, 322, 0, 7.92%, 0, 0, 5, 162.12, 12051201, 441
1113, 33, 10, 609, 322, 0, 7.92%, 0, 0, 5, 6404.09, 12068430, 441
1120, 33, 10, 609, 322, 0, 7.92%, 0, 0, 5, 835.55, 12084618, 441
1125, 33, 71, 609, 322, 0, 7.92%, 0, 0, 5, 144.90, 12089130, 441
1130, 33, 35, 609, 322, 0, 7.92%, 0, 0, 5, 9330.70, 12103310, 441
1135, 33, 40, 609, 322, 0, 7.92%, 0, 0, 5, 1620.58, 12122412, 441
1140, 33, 22, 610, 323, 0, 7.92%, 0, 0, 5, 50.24, 12128036, 441
1146, 33, 75, 610, 323, 0, 7.92%, 0, 0, 5, 2045.57, 12140373, 441
1151, 33, 61, 610, 323, 0, 7.92%, 0, 0, 5, 1682.71, 12143335, 441
1156, 33, 112, 610, 323, 0, 7.92%, 0, 0, 5, 57.31, 12153158, 441
1161, 33, 4, 610, 323, 0, 7.92%, 0, 0, 5, 4655.89, 12163516, 441
1166, 33, 104, 610, 323, 0, 7.92%, 0, 0, 5, 9787.13, 12174021, 441
1171, 33, 15, 611, 324, 0, 7.92%, 0, 0, 5, 68.59, 12191605, 441
1177, 33, 35, 611, 324, 0, 7.92%, 0, 0, 5, 6186.91, 12203065, 441
1182, 33, 135, 611, 324, 0, 7.92%, 0, 0, 5, 1458.87, 12205605, 441
1187, 33, 15, 611, 324, 0, 7.92%, 0, 0, 5, 53.00, 12210480, 441
1192, 33, 177, 611, 324, 0, 7.92%, 0, 0, 5, 53.33, 12221076, 441
1197, 33, 177, 612, 325, 0, 7.92%, 0, 0, 5, 61.23, 12223757, 441
1202, 33, 10, 613, 326, 0, 7.92%, 0, 0, 5, 65.96, 12230951, 441
1207, 33, 341, 613, 326, 0, 7.92%, 0, 0, 5, 113.86, 12247747, 441
1212, 33, 15, 613, 326, 0, 7.92%, 0, 0, 5, 6192.92, 12257018, 441
1218, 33, 22, 613, 326, 0, 7.92%, 0, 0, 5, 154.00, 12264049, 441
1224, 33, 80, 613, 326, 0, 7.92%, 0, 0, 5, 349.95, 12274639, 441
1230, 33, 75, 613, 326, 0, 7.92%, 0, 0, 5, 3804.65, 12285913, 441
1235, 33, 35, 613, 326, 0, 7.92%, 0, 0, 5, 1094.53, 12297285, 441
1240, 33, 10, 613, 325, 0, 7.92%, 0, 0, 5, 6530.35, 12310911, 441
1245, 33, 186, 613, 325, 0, 7.92%, 0, 0, 5, 54.35, 12315707, 441
1251, 33, 10, 613, 325, 0, 7.92%, 0, 0, 5, 133.21, 12324109, 441
1257, 33, 75, 613, 325, 0, 7.92%, 0, 0, 5, 243.95, 12338025, 441
1262, 33, 177, 613, 325, 0, 7.92%, 0, 0, 5, 4081.70, 12348750, 441
1267, 33, 71, 613, 325, 0, 7.92%, 0, 0, 5, 994.25, 12357135, 441
1272, 33, 10, 613, 325, 0, 7.92%, 0, 0, 5, 64.42, 12359651, 441
1279, 33, 15, 613, 325, 0, 7.92%, 0, 0, 5, 50.60, 12364686, 441
1284, 33, 22, 613, 325, 0, 7.92%, 0, 0, 5, 297.30, 12378363, 441
1289, 33, 55, 613, 325, 0, 7.92%, 0, 0, 5, 6040.79, 12385871, 441
1295, 33, 10, 613, 325, 0, 7.92%, 0, 0, 5, 75.30, 12391693, 441
1300, 33, 75, 613, 324, 0, 7.92%, 0, 0, 5, 439.85, 12401988, 441
1306, 33, 75, 613, 324, 0, 7.92%, 0, 0, 5, 51.61, 12415721, 441
1311, 33, 35, 613, 323, 0, 7.92%, 0, 0, 5, 6113.22, 12422941, 441
1317, 33, 10, 613, 323, 0, 7.92%, 0, 0, 5, 3391.90, 12433250, 441
1322, 33, 81, 613, 323, 0, 7.92%, 0, 0, 5, 49.98, 12439421, 441
1328, 33, 61, 613, 323, 0, 7.92%, 0, 0, 5, 304.15, 12447623, 441
1333, 33, 145, 613, 323, 0, 7.92%, 0, 0, 5, 232.12, 12461380, 441
1338, 34, 418, 613, 323, 0, 7.92%, 0, 0, 5, 3180.39, 12479366, 441
1343, 34, 418, 613, 323, 0, 7.92%, 0, 0, 5, 49.06, 12480557, 441
1349, 34, 75, 613, 323, 0, 7.92%, 0, 0, 5, 173.18, 12493652, 441
1355, 34, 35, 613, 323, 0, 7.92%, 0, 0, 5, 332.35, 12505296, 441
1361, 34, 10, 613, 323, 0, 7.92%, 0, 0, 5, 85.49, 12508204, 441
1367, 34, 127, 613, 323, 0, 7.92%, 0, 0, 5, 257.48, 12511561, 441
1372, 34, 127, 613, 323, 0, 7.92%, 0, 0, 5, 51.35, 12512226, 441
1378, 34, 22, 613, 323, 0, 7.92%, 0, 0, 5, 318.29, 12523613, 441
1383, 34, 220, 613, 323, 0, 7.92%, 0, 0, 5, 4529.81, 12537920, 441
1389, 34, 35, 613, 323, 0, 7.92%, 0, 0, 5, 433.69, 12547322, 441
1394, 34, 22, 613, 323, 0, 7.92%, 0, 0, 5, 4927.75, 12554138, 441
1399, 34, 4, 613, 323, 0, 7.92%, 0, 0, 5, 179.72, 12567425, 441
1404, 34, 177, 613, 323, 0, 7.92%, 0, 0, 5, 49.80, 12573451, 441
1409, 34, 177, 613, 323, 0, 7.92%, 0, 0, 5, 133.05, 12577262, 441
1414, 34, 94, 613, 323, 0, 7.92%, 0, 0, 5, 80.34, 12581073, 441
1420, 34, 4, 613, 323, 0, 7.92%, 0, 0, 5, 4896.38, 12593386, 441
1425, 34, 130, 613, 323, 0, 7.92%, 0, 0, 5, 8275.00, 12607047, 441
1430, 34, 35, 613, 323, 0, 7.92%, 0, 0, 5, 69.49, 12619130, 441
1435, 34, 10, 613, 323, 0, 7.92%, 0, 0, 5, 49.61, 12622467, 441
1442, 34, 89, 613, 322, 0, 7.92%, 0, 0, 5, 210.57, 12632582, 441
1447, 34, 257, 613, 322, 0, 7.92%, 0, 0, 5, 3903.12, 12646972, 441
1452, 34, 35, 613, 322, 0, 7.92%, 0, 0, 5, 3304.49, 12652658, 441
1457, 34, 61, 613, 322, 0, 7.92%, 0, 0, 5, 8587.50, 12670463, 441
1463, 34, 35, 613, 322, 0, 7.92%, 0, 0, 5, 49.63, 12679492, 441
1468, 34, 220, 613, 322, 0, 7.92%, 0, 0, 5, 1087.91, 12691118, 441
1473, 34, 89, 613, 322, 0, 7.92%, 0, 0, 5, 317.80, 12710160, 441
1478, 34, 10, 613, 322, 0, 7.92%, 0, 0, 5, 67.98, 12713116, 441
1484, 34, 177, 613, 322, 0, 7.92%, 0, 0, 5, 1380.00, 12718253, 441
1489, 34, 35, 613, 322, 0, 7.92%, 0, 0, 5, 103.82, 12722697, 441
1494, 34, 35, 613, 322, 0, 7.92%, 0, 0, 5, 170.39, 12730422, 441
1500, 34, 15, 613, 322, 0, 7.92%, 0, 0, 5, 160.55, 12746086, 441
1505, 34, 135, 613, 322, 0, 7.92%, 0, 0, 5, 142.83, 12750455, 441
1510, 34, 10, 613, 322, 0, 7.92%, 0, 0, 5, 68.15, 12759489, 441
1516, 34, 35, 613, 322, 0, 7.92%, 0, 0, 5, 265.32, 12771332, 441
1521, 34, 177, 613, 322, 0, 7.92%, 0, 0, 5, 3881.25, 12783697, 441
1526, 34, 177, 613, 322, 0, 7.92%, 0, 0, 5, 3885.32, 12793721, 441
1531, 34, 442, 613, 322, 0, 7.92%, 0, 0, 5, 130.94, 12796235, 441
1538, 34, 35, 613, 321, 0, 7.92%, 0, 0, 5, 512.28, 12801053, 441
1543, 34, 145, 613, 321, 0, 7.92%, 0, 0, 5, 4053.15, 12807764, 441
1548, 34, 35, 613, 321, 0, 7.92%, 0, 0, 5, 262.97, 12813123, 441
1554, 34, 61, 613, 321, 0, 7.92%, 0, 0, 5, 681.42, 12824781, 441
1560, 34, 35, 613, 321, 0, 7.92%, 0, 0, 5, 53.24, 12834525, 441
1565, 34, 177, 613, 321, 0, 7.92%, 0, 0, 5, 8089.00, 12856077, 441
1571, 34, 35, 613, 321, 0, 7.92%, 0, 0, 5, 791.30, 12868040, 441
1576, 34, 89, 613, 321, 0, 7.92%, 0, 0, 5, 57.04, 12876380, 441
1581, 34, 75, 613, 321, 0, 7.92%, 0, 0, 5, 71.43, 12890129, 441
1588, 34, 22, 613, 321, 0, 7.92%, 0, 0, 5, 69.74, 12904519, 441
1595, 34, 182, 613, 321, 0, 7.92%, 0, 0, 5, 230.02, 12919019, 441
1600, 34, 22, 613, 321, 0, 7.92%, 0, 0, 5, 69.62, 12927321, 441
1605, 34, 177, 613, 321, 0, 7.92%, 0, 0, 5, 116.00, 12937637, 441
1611, 34, 35, 613, 321, 0, 7.92%, 0, 0, 5, 150.13, 12946807, 441
1616, 34, 127, 613, 321, 0, 7.92%, 0, 0, 5, 526.46, 12952587, 441
1621, 34, 75, 613, 321, 0, 7.92%, 0, 0, 5, 284.35, 12965842, 441
1627, 34, 42, 613, 321, 0, 7.92%, 0, 0, 5, 364.36, 12973855, 441
1632, 34, 35, 613, 321, 0, 7.92%, 0, 0, 5, 858.61, 12982149, 441
1637, 34, 35, 613, 321, 0, 7.92%, 0, 0, 5, 6562.81, 12990905, 441
1642, 34, 0, 613, 321, 0, 7.92%, 0, 0, 5, 135.47, 13001801, 441
1647, 34, 10, 613, 321, 0, 7.92%, 0, 0, 5, 3782.17, 13006998, 441
1653, 34, 35, 613, 321, 0, 7.92%, 0, 0, 5, 3165.00, 13014250, 441
1658, 34, 75, 613, 321, 0, 7.92%, 0, 0, 5, 55.50, 13023026, 441
1664, 34, 257, 613, 320, 0, 7.92%, 0, 0, 5, 462.50, 13030986, 441
1669, 34, 61, 613, 320, 0, 7.92%, 0, 0, 5, 4715.00, 13036779, 441
1674, 34, 61, 613, 320, 0, 7.92%, 0, 0, 5, 661.81, 13046658, 441
1679, 34, 75, 613, 320, 0, 7.92%, 0, 0, 5, 581.20, 13052604, 441
1684, 34, 35, 613, 320, 0, 7.92%, 0, 0, 5, 3294.12, 13058665, 441
1690, 34, 3, 613, 320, 0, 7.92%, 0, 0, 5, 637.70, 13064688, 441
1695, 34, 3, 613, 320, 0, 7.92%, 0, 0, 5, 53.20, 13064960, 441
1700, 34, 3, 613, 320, 0, 7.92%, 0, 0, 5, 53.23, 13067220, 441
1705, 34, 15, 613, 320, 0, 7.92%, 0, 0, 5, 7406.53, 13075854, 441
1710, 34, 10, 613, 320, 0, 7.92%, 0, 0, 5, 808.55, 13083437, 441
1716, 34, 75, 613, 320, 0, 7.92%, 0, 0, 5, 50.70, 13091879, 441
1721, 34, 75, 613, 320, 0, 7.92%, 0, 0, 5, 2705.46, 13098111, 441
1726, 34, 112, 613, 319, 0, 7.92%, 0, 0, 5, 2065.46, 13112450, 441
1731, 34, 75, 613, 319, 0, 7.92%, 0, 0, 5, 1226.61, 13120897, 441
1736, 34, 22, 613, 319, 0, 7.92%, 0, 0, 5, 98.81, 13124302, 441
1741, 34, 177, 613, 319, 0, 7.92%, 0, 0, 5, 53.41, 13127218, 441
1746, 34, 0, 613, 319, 0, 7.92%, 0, 0, 5, 49.03, 13134411, 441
1752, 34, 0, 613, 319, 0, 7.92%, 0, 0, 5, 403.09, 13135834, 441
1757, 34, 0, 613, 319, 0, 7.92%, 0, 0, 5, 48.25, 13136508, 441
1762, 34, 35, 613, 319, 0, 7.92%, 0, 0, 5, 6480.00, 13148721, 441
1768, 34, 42, 613, 319, 0, 7.92%, 0, 0, 5, 169.14, 13159763, 441
1774, 34, 10, 613, 319, 0, 7.92%, 0, 0, 5, 643.72, 13170445, 441
1780, 34, 257, 613, 319, 0, 7.92%, 0, 0, 5, 292.05, 13179660, 441
1785, 34, 4, 613, 319, 0, 7.92%, 0, 0, 5, 4312.50, 13192482, 441
1790, 34, 40, 613, 319, 0, 7.92%, 0, 0, 5, 8164.18, 13203765, 441
1795, 34, 35, 613, 319, 0, 7.92%, 0, 0, 5, 283.10, 13213811, 441
1801, 34, 4, 613, 319, 0, 7.92%, 0, 0, 5, 57.41, 13219830, 441
1806, 34, 22, 613, 319, 0, 7.92%, 0, 0, 5, 917.58, 13229443, 441
1811, 34, 22, 613, 319, 0, 7.92%, 0, 0, 5, 49.43, 13240265, 441
1816, 34, 10, 613, 318, 0, 7.92%, 0, 0, 5, 110.77, 13247040, 441
1822, 34, 177, 613, 318, 0, 7.92%, 0, 0, 5, 49.28, 13261430, 441
1827, 34, 61, 613, 318, 0, 7.92%, 0, 0, 5, 472.50, 13275855, 441
1834, 34, 75, 613, 318, 0, 7.92%, 0, 0, 5, 297.06, 13294203, 441
1839, 34, 10, 613, 318, 0, 7.92%, 0, 0, 5, 55.22, 13298130, 441
1844, 34, 177, 613, 318, 0, 7.92%, 0, 0, 5, 4686.01, 13322379, 441
1849, 34, 177, 613, 318, 0, 7.92%, 0, 0, 5, 6469.48, 13329458, 441
1854, 34, 75, 613, 318, 0, 7.92%, 0, 0, 5, 207.55, 13335353, 441
1859, 34, 177, 613, 318, 0, 7.92%, 0, 0, 5, 1699.06, 13344107, 441
1866, 34, 75, 613, 318, 0, 7.92%, 0, 0, 5, 520.22, 13355035, 441
1871, 34, 35, 613, 318, 0, 7.92%, 0, 0, 5, 4877.45, 13366421, 441
1876, 34, 52, 613, 318, 0, 7.92%, 0, 0, 5, 8455.00, 13376036, 441
1881, 34, 52, 613, 318, 0, 7.92%, 0, 0, 5, 4931.51, 13384774, 441
1887, 34, 15, 613, 318, 0, 7.92%, 0, 0, 5, 3301.83, 13400139, 441
1892, 34, 35, 613, 318, 0, 7.92%, 0, 0, 5, 810.26, 13416801, 441
1898, 34, 140, 613, 318, 0, 7.92%, 0, 0, 5, 141.37, 13421730, 441
1903, 34, 75, 613, 318, 0, 7.92%, 0, 0, 5, 750.92, 13435952, 441
1911, 34, 35, 613, 318, 0, 7.92%, 0, 0, 5, 92.32, 13449955, 441
1916, 34, 35, 613, 318, 0, 7.92%, 0, 0, 5, 704.63, 13457791, 441
1922, 34, 177, 613, 318, 0, 7.92%, 0, 0, 5, 5400.34, 13465101, 441
1927, 34, 15, 613, 318, 0, 7.92%, 0, 0, 5, 96.98, 13470707, 441
1932, 34, 35, 613, 318, 0, 7.92%, 0, 0, 5, 54.86, 13482188, 441
1937, 34, 89, 613, 318, 0, 7.92%, 0, 0, 5, 6143.98, 13508333, 441
1944, 34, 61, 613, 318, 0, 7.92%, 0, 0, 5, 166.12, 13520087, 441
1949, 34, 22, 613, 318, 0, 7.92%, 0, 0, 5, 501.64, 13530453, 441
1956, 34, 35, 613, 318, 0, 7.92%, 0, 0, 5, 309.45, 13538112, 441
1961, 34, 22, 613, 318, 0, 7.92%, 0, 0, 5, 83.29, 13540315, 441
1967, 34, 177, 613, 318, 0, 7.92%, 0, 0, 5, 48.94, 13544164, 441
1972, 34, 177, 613, 318, 0, 7.92%, 0, 0, 5, 67.77, 13556990, 441
1978, 34, 35, 613, 318, 0, 7.92%, 0, 0, 5, 624.87, 13561881, 441
1983, 34, 177, 613, 318, 0, 7.92%, 0, 0, 5, 49.66, 13567728, 441
1989, 34, 89, 613, 318, 0, 7.92%, 0, 0, 5, 58.95, 13575352, 441
1994, 34, 94, 613, 318, 0, 7.92%, 0, 0, 5, 168.94, 13581061, 441
2001, 34, 61, 613, 318, 0, 7.92%, 0, 0, 5, 631.28, 13587865, 441
2007, 35, 71, 613, 318, 0, 7.92%, 0, 0, 5, 103.08, 13614970, 441
2012, 35, 15, 613, 317, 0, 7.92%, 0, 0, 5, 528.99, 13632307, 441
2017, 35, 61, 613, 317, 0, 7.92%, 0, 0, 5, 9805.00, 13636676, 441
2023, 35, 25, 613, 317, 0, 7.92%, 0, 0, 5, 60.40, 13645560, 441
2028, 35, 22, 613, 317, 0, 7.92%, 0, 0, 5, 6885.57, 13652591, 441
2033, 35, 10, 613, 317, 0, 7.92%, 0, 0, 5, 101.31, 13664246, 441
2039, 35, 22, 613, 317, 0, 7.92%, 0, 0, 5, 941.74, 13683892, 441
2044, 35, 89, 613, 317, 0, 7.92%, 0, 0, 5, 3076.57, 13696035, 441
2050, 35, 0, 613, 317, 0, 7.92%, 0, 0, 5, 111.74, 13701399, 441
2055, 35, 0, 613, 317, 0, 7.92%, 0, 0, 5, 69.91, 13704510, 441
2060, 35, 10, 613, 317, 0, 7.92%, 0, 0, 5, 9486.90, 13709200, 441
2065, 35, 42, 613, 317, 0, 7.92%, 0, 0, 5, 3344.38, 13718192, 441
2070, 35, 75, 613, 317, 0, 7.92%, 0, 0, 5, 99.23, 13728216, 441
2075, 35, 10, 613, 317, 0, 7.92%, 0, 0, 5, 113.08, 13742403, 441
2080, 35, 89, 613, 317, 0, 7.92%, 0, 0, 5, 9520.00, 13768219, 441
2086, 35, 104, 613, 317, 0, 7.92%, 0, 0, 5, 9622.40, 13782190, 441
2091, 35, 195, 613, 317, 0, 7.92%, 0, 0, 5, 50.00, 13792790, 441
2097, 35, 177, 613, 316, 0, 7.92%, 0, 0, 5, 50.31, 13802825, 441
2102, 35, 4, 613, 316, 0, 7.92%, 0, 0, 5, 2290.09, 13810601, 441
2107, 35, 177, 613, 316, 0, 7.92%, 0, 0, 5, 143.05, 13821693, 441
2112, 35, 257, 613, 315, 0, 7.92%, 0, 0, 5, 955.53, 13836350, 441
2118, 35, 22, 613, 315, 0, 7.92%, 0, 0, 5, 397.92, 13848205, 441
2123, 35, 22, 613, 315, 0, 7.92%, 0, 0, 5, 49.77, 13853764, 441
2129, 35, 35, 613, 315, 0, 7.92%, 0, 0, 5, 301.09, 13862074, 441
2134, 35, 4, 613, 315, 0, 7.92%, 0, 0, 5, 49.40, 13871296, 441
2139, 35, 4, 613, 315, 0, 7.92%, 0, 0, 5, 48.91, 13873879, 441
2144, 35, 4, 613, 315, 0, 7.92%, 0, 0, 5, 48.75, 13874130, 441
2150, 35, 4, 613, 315, 0, 7.92%, 0, 0, 5, 54.04, 13874408, 441
2156, 35, 22, 613, 315, 0, 7.92%, 0, 0, 5, 249.04, 13882843, 441
2163, 35, 145, 613, 315, 0, 7.92%, 0, 0, 5, 190.23, 13889687, 441
2168, 35, 145, 613, 315, 0, 7.92%, 0, 0, 5, 48.77, 13892550, 441
2174, 35, 0, 613, 315, 0, 7.92%, 0, 0, 5, 54.52, 13903554, 441
2179, 35, 39, 613, 315, 0, 7.92%, 0, 0, 5, 368.77, 13916916, 441
2184, 35, 75, 613, 315, 0, 7.92%, 0, 0, 5, 4711.09, 13930336, 441
2189, 35, 89, 613, 315, 0, 7.92%, 0, 0, 5, 237.96, 13939668, 441
2194, 35, 35, 613, 315, 0, 7.92%, 0, 0, 5, 276.98, 13952470, 441
2199, 35, 10, 613, 315, 0, 7.92%, 0, 0, 5, 65.81, 13960985, 441
2204, 35, 35, 613, 315, 0, 7.92%, 0, 0, 5, 231.85, 13969286, 441
2210, 35, 22, 613, 315, 0, 7.92%, 0, 0, 5, 56.74, 13974900, 441
2215, 35, 10, 613, 315, 0, 7.92%, 0, 0, 5, 49.11, 13977316, 441
2221, 35, 15, 613, 315, 0, 7.92%, 0, 0, 5, 50.40, 13986967, 441
2227, 35, 40, 613, 315, 0, 7.92%, 0, 0, 5, 1056.36, 13998713, 441
2233, 35, 75, 613, 315, 0, 7.92%, 0, 0, 5, 851.75, 14011144, 441
2238, 35, 15, 613, 315, 0, 7.92%, 0, 0, 5, 6723.13, 14024204, 441
2244, 35, 10, 613, 315, 0, 7.92%, 0, 0, 5, 3661.29, 14033850, 441
2249, 35, 10, 613, 315, 0, 7.92%, 0, 0, 5, 145.95, 14041218, 441
2255, 35, 35, 613, 315, 0, 7.92%, 0, 0, 5, 51.33, 14048507, 441
2260, 35, 257, 613, 315, 0, 7.92%, 0, 0, 5, 51.87, 14054431, 441
2265, 35, 35, 613, 314, 0, 7.92%, 0, 0, 5, 157.52, 14062367, 441
2270, 35, 10, 613, 314, 0, 7.92%, 0, 0, 5, 10185.69, 14074268, 441
2276, 35, 177, 613, 314, 0, 7.92%, 0, 0, 5, 115.46, 14085004, 441
2281, 35, 177, 613, 314, 0, 7.92%, 0, 0, 5, 419.32, 14094879, 441
2286, 35, 257, 613, 314, 0, 7.92%, 0, 0, 5, 5742.60, 14110111, 441
2292, 35, 22, 613, 314, 0, 7.92%, 0, 0, 5, 112.79, 14120683, 441
2297, 35, 25, 613, 314, 0, 7.92%, 0, 0, 5, 2729.70, 14132602, 441
2302, 35, 177, 613, 314, 0, 7.92%, 0, 0, 5, 4732.26, 14141504, 441
2307, 35, 130, 613, 314, 0, 7.92%, 0, 0, 5, 3844.12, 14153498, 441
2312, 35, 35, 613, 314, 0, 7.92%, 0, 0, 5, 53.05, 14161752, 441
2317, 35, 22, 613, 314, 0, 7.92%, 0, 0, 5, 52.68, 14169437, 441
2323, 35, 75, 613, 314, 0, 7.92%, 0, 0, 5, 169.37, 14179965, 441
2328, 35, 22, 613, 314, 0, 7.92%, 0, 0, 5, 422.25, 14191413, 441
2334, 35, 10, 613, 314, 0, 7.92%, 0, 0, 5, 824.10, 14204707, 441
2339, 35, 10, 613, 314, 0, 7.92%, 0, 0, 5, 70.57, 14217229, 441
2346, 35, 97, 613, 314, 0, 7.92%, 0, 0, 5, 55.05, 14229126, 441
2351, 35, 126, 613, 314, 0, 7.92%, 0, 0, 5, 673.59, 14242967, 441
2357, 35, 10, 613, 314, 0, 7.92%, 0, 0, 5, 216.30, 14249044, 441
2362, 35, 333, 613, 314, 0, 7.92%, 0, 0, 5, 8182.55, 14267920, 441
2368, 35, 15, 613, 313, 0, 7.92%, 0, 0, 5, 107.47, 14276541, 441
2374, 35, 177, 613, 313, 0, 7.92%, 0, 0, 5, 264.57, 14295231, 441
2379, 35, 61, 613, 313, 0, 7.92%, 0, 0, 5, 134.07, 14304558, 441
2384, 35, 80, 613, 313, 0, 7.92%, 0, 0, 5, 707.58, 14318976, 441
2391, 35, 177, 613, 313, 0, 7.92%, 0, 0, 5, 379.12, 14322403, 441
2397, 35, 126, 613, 313, 0, 7.92%, 0, 0, 5, 170.56, 14330250, 441
2402, 35, 25, 613, 313, 0, 7.92%, 0, 0, 5, 2660.00, 14344908, 441
2407, 35, 4, 613, 313, 0, 7.92%, 0, 0, 5, 48.37, 14348078, 441
2412, 35, 4, 613, 313, 0, 7.92%, 0, 0, 5, 55.69, 14348363, 441
2417, 35, 4, 613, 313, 0, 7.92%, 0, 0, 5, 100.24, 14351976, 441
2422, 35, 89, 613, 313, 0, 7.92%, 0, 0, 5, 69.53, 14357685, 441
2428, 35, 89, 613, 313, 0, 7.92%, 0, 0, 5, 683.19, 14363682, 441
2434, 35, 35, 613, 313, 0, 7.92%, 0, 0, 5, 312.80, 14376614, 441
2439, 35, 89, 613, 313, 0, 7.92%, 0, 0, 5, 633.68, 14384292, 441
2444, 35, 42, 613, 313, 0, 7.92%, 0, 0, 5, 213.18, 14399813, 441
2450, 35, 15, 613, 313, 0, 7.92%, 0, 0, 5, 141.71, 14408679, 441
2455, 35, 10, 613, 313, 0, 7.92%, 0, 0, 5, 421.23, 14419451, 441
2460, 35, 35, 613, 313, 0, 7.92%, 0, 0, 5, 1010.08, 14428348, 441
2466, 35, 15, 613, 313, 0, 7.92%, 0, 0, 5, 626.99, 14438616, 441
2471, 35, 22, 613, 313, 0, 7.92%, 0, 0, 5, 49.02, 14442132, 441
2476, 35, 75, 613, 313, 0, 7.92%, 0, 0, 5, 51.62, 14448834, 441
2482, 35, 15, 613, 313, 0, 7.92%, 0, 0, 5, 49.16, 14457753, 441
2487, 35, 10, 613, 313, 0, 7.92%, 0, 0, 5, 2973.63, 14463873, 441
2492, 35, 4, 613, 313, 0, 7.92%, 0, 0, 5, 7784.57, 14480837, 441
2497, 35, 75, 613, 313, 0, 7.92%, 0, 0, 5, 7496.41, 14492184, 441
2502, 35, 35, 613, 313, 0, 7.92%, 0, 0, 5, 4314.45, 14494918, 441
2508, 35, 35, 613, 313, 0, 7.92%, 0, 0, 5, 87.21, 14504406, 441
2514, 35, 94, 613, 313, 0, 7.92%, 0, 0, 5, 908.36, 14520000, 441
2521, 35, 35, 613, 313, 0, 7.92%, 0, 0, 5, 638.17, 14534089, 441
2526, 35, 35, 613, 313, 0, 7.92%, 0, 0, 5, 62.75, 14539518, 441
2531, 35, 310, 613, 313, 0, 7.92%, 0, 0, 5, 1546.51, 14544851, 441
2536, 35, 61, 613, 313, 0, 7.92%, 0, 0, 5, 55.84, 14550713, 441
2543, 35, 257, 613, 313, 0, 7.92%, 0, 0, 5, 49.70, 14565392, 441
2548, 35, 177, 613, 313, 0, 7.92%, 0, 0, 5, 3755.00, 14572783, 441
2553, 35, 10, 613, 313, 0, 7.92%, 0, 0, 5, 224.68, 14575840, 441
2558, 35, 71, 613, 313, 0, 7.92%, 0, 0, 5, 5592.26, 14590043, 441
2563, 35, 112, 613, 313, 0, 7.92%, 0, 0, 5, 10895.00, 14602186, 441
2569, 35, 61, 613, 313, 0, 7.92%, 0, 0, 5, 8910.00, 14612815, 441
2574, 35, 42, 613, 313, 0, 7.92%, 0, 0, 5, 591.51, 14623544, 441
2579, 35, 89, 613, 313, 0, 7.92%, 0, 0, 5, 49.00, 14636193, 441
2584, 35, 61, 613, 313, 0, 7.92%, 0, 0, 5, 529.30, 14641776, 441
2590, 35, 104, 613, 313, 0, 7.92%, 0, 0, 5, 1625.77, 14645443, 441
2595, 35, 388, 613, 313, 0, 7.92%, 0, 0, 5, 6835.00, 14653715, 441
2600, 35, 22, 613, 312, 0, 7.92%, 0, 0, 5, 3410.67, 14670293, 441
2605, 35, 3, 613, 312, 0, 7.92%, 0, 0, 5, 272.68, 14681929, 441
2610, 35, 3, 613, 312, 0, 7.92%, 0, 0, 5, 51.57, 14682780, 441
2616, 35, 40, 613, 312, 0, 7.92%, 0, 0, 5, 7400.45, 14688369, 441
2621, 35, 35, 613, 312, 0, 7.92%, 0, 0, 5, 146.12, 14690998, 441
2628, 35, 89, 613, 312, 0, 7.92%, 0, 0, 5, 827.88, 14698578, 441
2633, 36, 75, 613, 312, 0, 7.92%, 0, 0, 5, 5276.72, 14710214, 441
2638, 36, 22, 613, 311, 0, 7.92%, 0, 0, 5, 60.89, 14725125, 441
2643, 36, 347, 613, 311, 0, 7.92%, 0, 0, 5, 76.52, 14740660, 441
2649, 36, 145, 613, 310, 0, 7.92%, 0, 0, 5, 6360.92, 14758261, 441
2654, 36, 220, 613, 310, 0, 7.92%, 0, 0, 5, 74.59, 14773351, 441
2660, 36, 89, 613, 310, 0, 7.92%, 0, 0, 5, 657.72, 14778020, 441
2665, 36, 177, 613, 310, 0, 7.92%, 0, 0, 5, 2211.15, 14793167, 441
2670, 36, 10, 613, 310, 0, 7.92%, 0, 0, 5, 221.90, 14802299, 441
2675, 36, 3, 613, 310, 0, 7.92%, 0, 0, 5, 664.20, 14814180, 441
2680, 36, 246, 613, 310, 0, 7.92%, 0, 0, 5, 57.87, 14821365, 441
2686, 36, 246, 613, 310, 0, 7.92%, 0, 0, 5, 51.99, 14823374, 441
2691, 36, 246, 613, 310, 0, 7.92%, 0, 0, 5, 51.72, 14823635, 441
2697, 36, 4, 613, 310, 0, 7.92%, 0, 0, 5, 3856.31, 14832220, 441
2702, 36, 4, 613, 310, 0, 7.92%, 0, 0, 5, 3740.06, 14834413, 441
2707, 36, 182, 613, 309, 0, 7.92%, 0, 0, 5, 4116.80, 14844202, 441
2713, 36, 15, 613, 309, 0, 7.92%, 0, 0, 5, 58.11, 14848544, 441
2718, 36, 75, 613, 309, 0, 7.92%, 0, 0, 5, 1610.59, 14858374, 441
2724, 36, 177, 613, 309, 0, 7.92%, 0, 0, 5, 264.58, 14875312, 441
2729, 36, 0, 613, 309, 0, 7.92%, 0, 0, 5, 9035.99, 14893512, 441
2734, 36, 22, 613, 309, 0, 7.92%, 0, 0, 5, 3191.91, 14898899, 441
2739, 36, 35, 613, 309, 0, 7.92%, 0, 0, 5, 48.98, 14908513, 441
2745, 36, 35, 613, 309, 0, 7.92%, 0, 0, 5, 64.21, 14922205, 441
2750, 36, 177, 613, 309, 0, 7.92%, 0, 0, 5, 88.64, 14935310, 441
2756, 36, 130, 613, 309, 0, 7.92%, 0, 0, 5, 483.77, 14945442, 441
2761, 36, 15, 613, 309, 0, 7.92%, 0, 0, 5, 4788.18, 14954795, 441
2767, 36, 35, 613, 309, 0, 7.92%, 0, 0, 5, 5105.46, 14961389, 441
2772, 36, 75, 613, 309, 0, 7.92%, 0, 0, 5, 244.26, 14970828, 441
2777, 36, 0, 613, 309, 0, 7.92%, 0, 0, 5, 5703.59, 14993754, 441
2782, 36, 0, 613, 309, 0, 7.92%, 0, 0, 5, 155.07, 14995304, 441
2787, 36, 80, 613, 309, 0, 7.92%, 0, 0, 5, 715.19, 14999917, 441
2794, 36, 101, 613, 309, 0, 7.92%, 0, 0, 5, 214.55, 15015873, 441
2799, 36, 25, 613, 309, 0, 7.92%, 0, 0, 5, 59.29, 15024609, 441
2805, 36, 75, 613, 309, 0, 7.92%, 0, 0, 5, 53.36, 15034206, 441
2810, 36, 10, 613, 309, 0, 7.92%, 0, 0, 5, 188.52, 15040667, 441
2816, 36, 15, 613, 309, 0, 7.92%, 0, 0, 5, 2788.02, 15048150, 441
2821, 36, 10, 613, 309, 0, 7.92%, 0, 0, 5, 77.39, 15051418, 441
2827, 36, 35, 613, 309, 0, 7.92%, 0, 0, 5, 216.51, 15059068, 441
2833, 36, 10, 613, 309, 0, 7.92%, 0, 0, 5, 865.50, 15076401, 441
2838, 36, 177, 613, 309, 0, 7.92%, 0, 0, 5, 251.54, 15083251, 441
2843, 36, 10, 613, 309, 0, 7.92%, 0, 0, 5, 2448.20, 15098650, 441
2849, 36, 75, 613, 309, 0, 7.92%, 0, 0, 5, 96.07, 15108503, 441
2854, 36, 10, 613, 309, 0, 7.92%, 0, 0, 5, 75.39, 15111667, 441
2859, 36, 35, 613, 309, 0, 7.92%, 0, 0, 5, 104.42, 15118043, 441
2864, 36, 10, 613, 309, 0, 7.92%, 0, 0, 5, 97.28, 15119745, 441
2870, 36, 177, 613, 309, 0, 7.92%, 0, 0, 5, 384.79, 15128956, 441
2875, 36, 35, 613, 309, 0, 7.92%, 0, 0, 5, 5679.80, 15140355, 441
2880, 36, 35, 613, 309, 0, 7.92%, 0, 0, 5, 148.54, 15147805, 441
2886, 36, 15, 613, 309, 0, 7.92%, 0, 0, 5, 120.41, 15161188, 441
2891, 36, 104, 613, 309, 0, 7.92%, 0, 0, 5, 4270.77, 15181046, 441
2897, 36, 40, 613, 309, 0, 7.92%, 0, 0, 5, 1012.41, 15192506, 441
2903, 36, 177, 613, 309, 0, 7.92%, 0, 0, 5, 3976.41, 15207178, 441
2908, 36, 177, 613, 309, 0, 7.92%, 0, 0, 5, 170.48, 15208026, 441
2915, 36, 177, 613, 309, 0, 7.92%, 0, 0, 5, 367.78, 15214105, 441
2920, 36, 22, 613, 309, 0, 7.92%, 0, 0, 5, 197.12, 15226289, 441
2925, 36, 35, 613, 309, 0, 7.92%, 0, 0, 5, 137.93, 15238549, 441
2930, 36, 0, 613, 309, 0, 7.92%, 0, 0, 5, 838.99, 15248525, 441
2935, 36, 35, 613, 309, 0, 7.92%, 0, 0, 5, 48.70, 15252426, 441
2941, 36, 426, 613, 309, 0, 7.92%, 0, 0, 5, 281.84, 15259210, 441
2947, 36, 35, 613, 308, 0, 7.92%, 0, 0, 5, 347.53, 15269506, 441
2952, 36, 89, 613, 308, 0, 7.92%, 0, 0, 5, 6205.00, 15287632, 441
2958, 36, 35, 613, 308, 0, 7.92%, 0, 0, 5, 303.57, 15290765, 441
2965, 36, 35, 613, 308, 0, 7.92%, 0, 0, 5, 106.85, 15301476, 441
2970, 36, 146, 613, 308, 0, 7.92%, 0, 0, 5, 666.67, 15315886, 441
2975, 36, 75, 613, 308, 0, 7.92%, 0, 0, 5, 3961.74, 15330244, 441
2980, 36, 22, 613, 308, 0, 7.92%, 0, 0, 5, 2055.00, 15338849, 441
2986, 36, 146, 613, 308, 0, 7.92%, 0, 0, 5, 10133.39, 15355062, 441
2991, 36, 35, 613, 308, 0, 7.92%, 0, 0, 5, 532.76, 15363673, 441
2997, 36, 22, 613, 308, 0, 7.92%, 0, 0, 5, 286.58, 15372939, 441
3002, 36, 177, 614, 309, 0, 7.92%, 0, 0, 5, 48.69, 15382603, 441
3007, 36, 145, 614, 309, 0, 7.92%, 0, 0, 5, 8402.11, 15399054, 441
3012, 36, 177, 614, 309, 0, 7.92%, 0, 0, 5, 1709.52, 15414429, 441
3017, 36, 35, 614, 309, 0, 7.92%, 0, 0, 5, 49.21, 15421162, 441
3022, 36, 229, 614, 309, 0, 7.92%, 0, 0, 5, 48.73, 15424164, 441
3029, 36, 229, 614, 309, 0, 7.92%, 0, 0, 5, 132.02, 15426151, 441
3036, 36, 177, 614, 308, 0, 7.92%, 0, 0, 5, 324.76, 15448822, 441
3042, 36, 4, 614, 308, 0, 7.92%, 0, 0, 5, 60.30, 15454910, 441
3048, 36, 10, 614, 308, 0, 7.92%, 0, 0, 5, 2646.09, 15459025, 441
3053, 36, 71, 614, 308, 0, 7.92%, 0, 0, 5, 674.67, 15466205, 441
3058, 36, 182, 614, 308, 0, 7.92%, 0, 0, 5, 3161.14, 15478979, 441
3063, 36, 89, 614, 308, 0, 7.92%, 0, 0, 5, 48.78, 15485938, 441
3068, 36, 15, 614, 308, 0, 7.92%, 0, 0, 5, 1830.00, 15489293, 441
3075, 36, 130, 614, 308, 0, 7.92%, 0, 0, 5, 595.83, 15503856, 441
3080, 36, 75, 614, 308, 0, 7.92%, 0, 0, 5, 110.26, 15507049, 441
3085, 36, 35, 614, 308, 0, 7.92%, 0, 0, 5, 6446.23, 15511785, 441
3091, 36, 89, 614, 308, 0, 7.92%, 0, 0, 5, 83.44, 15516710, 441
3096, 36, 220, 614, 308, 0, 7.92%, 0, 0, 5, 49.16, 15522132, 441
3101, 36, 220, 614, 308, 0, 7.92%, 0, 0, 5, 50.26, 15523043, 441
3106, 36, 140, 614, 308, 0, 7.92%, 0, 0, 5, 1385.00, 15527516, 441
3111, 36, 10, 614, 308, 0, 7.92%, 0, 0, 5, 6231.18, 15533791, 441
3117, 36, 104, 614, 308, 0, 7.92%, 0, 0, 5, 696.35, 15555337, 441
3122, 36, 145, 614, 308, 0, 7.92%, 0, 0, 5, 67.94, 15563185, 441
3128, 36, 177, 614, 308, 0, 7.92%, 0, 0, 5, 126.16, 15571855, 441
3133, 36, 10, 614, 308, 0, 7.92%, 0, 0, 5, 451.75, 15580986, 441
3138, 36, 130, 614, 308, 0, 7.92%, 0, 0, 5, 2576.19, 15600623, 441
3143, 36, 10, 614, 308, 0, 7.92%, 0, 0, 5, 6985.84, 15613514, 441
3148, 36, 220, 614, 308, 0, 7.92%, 0, 0, 5, 729.06, 15617619, 441
3154, 36, 75, 614, 308, 0, 7.92%, 0, 0, 5, 81.99, 15624630, 441
3159, 36, 418, 614, 308, 0, 7.92%, 0, 0, 5, 745.67, 15631506, 441
3164, 36, 418, 614, 308, 0, 7.92%, 0, 0, 5, 89.26, 15633184, 441
3169, 36, 89, 614, 308, 0, 7.92%, 0, 0, 5, 376.71, 15646069, 441
3175, 36, 15, 614, 308, 0, 7.92%, 0, 0, 5, 374.15, 15661771, 441
3182, 36, 4, 614, 308, 0, 7.92%, 0, 0, 5, 54.95, 15674078, 441
3188, 36, 127, 614, 308, 0, 7.92%, 0, 0, 5, 128.00, 15678189, 441
3194, 36, 220, 614, 308, 0, 7.92%, 0, 0, 5, 6304.01, 15690205, 441
3199, 36, 61, 614, 308, 0, 7.92%, 0, 0, 5, 49.00, 15711905, 441
3204, 36, 40, 614, 308, 0, 7.92%, 0, 0, 5, 4484.61, 15720211, 441
3209, 36, 35, 614, 308, 0, 7.92%, 0, 0, 5, 103.35, 15727643, 441
3215, 36, 35, 614, 308, 0, 7.92%, 0, 0, 5, 138.71, 15739848, 441
3220, 36, 10, 614, 308, 0, 7.92%, 0, 0, 5, 920.00, 15744383, 441
3225, 36, 61, 614, 308, 0, 7.92%, 0, 0, 5, 8230.41, 15758592, 441
3230, 36, 177, 614, 308, 0, 7.92%, 0, 0, 5, 6680.70, 15770309, 441
3235, 36, 140, 614, 308, 0, 7.92%, 0, 0, 5, 7123.58, 15778018, 441
3240, 36, 248, 614, 308, 0, 7.92%, 0, 0, 5, 3819.91, 15794267, 441
3246, 36, 35, 614, 307, 0, 7.92%, 0, 0, 5, 7215.28, 15809973, 441
3251, 36, 146, 614, 307, 0, 7.92%, 0, 0, 5, 544.22, 15822748, 441
3256, 36, 10, 614, 307, 0, 7.92%, 0, 0, 5, 55.25, 15831642, 441
3261, 36, 89, 614, 307, 0, 7.92%, 0, 0, 5, 1011.03, 15844989, 441
3266, 36, 35, 614, 307, 0, 7.92%, 0, 0, 5, 4875.00, 15855041, 441
3271, 37, 257, 614, 307, 0, 7.92%, 0, 0, 5, 58.66, 15862988, 441
3276, 37, 15, 614, 307, 0, 7.92%, 0, 0, 5, 4134.97, 15869669, 441
3281, 37, 3, 614, 307, 0, 7.92%, 0, 0, 5, 62.51, 15875915, 441
3286, 37, 146, 614, 307, 0, 7.92%, 0, 0, 5, 9535.00, 15881802, 441
3292, 37, 71, 614, 307, 0, 7.92%, 0, 0, 5, 3182.14, 15889642, 441
3298, 37, 71, 614, 307, 0, 7.92%, 0, 0, 5, 842.25, 15895452, 441
3303, 37, 61, 614, 307, 0, 7.92%, 0, 0, 5, 54.81, 15904635, 441
3308, 37, 10, 614, 307, 0, 7.92%, 0, 0, 5, 48.94, 15916683, 441
3314, 37, 75, 614, 307, 0, 7.92%, 0, 0, 5, 58.54, 15920007, 441
3319, 37, 15, 614, 307, 0, 7.92%, 0, 0, 5, 4453.52, 15937286, 441
3324, 37, 126, 614, 307, 0, 7.92%, 0, 0, 5, 228.19, 15947993, 441
3329, 37, 75, 614, 307, 0, 7.92%, 0, 0, 5, 6415.00, 15955266, 441
3334, 37, 112, 614, 307, 0, 7.92%, 0, 0, 5, 4703.44, 15971028, 441
3339, 37, 35, 614, 307, 0, 7.92%, 0, 0, 5, 48.25, 15975635, 441
3346, 37, 35, 614, 307, 0, 7.92%, 0, 0, 5, 574.54, 15978699, 441
3351, 37, 61, 614, 307, 0, 7.92%, 0, 0, 5, 256.56, 15990868, 441
3356, 37, 127, 614, 307, 0, 7.92%, 0, 0, 5, 49.97, 15996725, 441
3362, 37, 290, 614, 307, 0, 7.92%, 0, 0, 5, 1908.06, 16004848, 441
3367, 37, 15, 614, 307, 0, 7.92%, 0, 0, 5, 71.75, 16013119, 441
3372, 37, 10, 614, 307, 0, 7.92%, 0, 0, 5, 48.84, 16021511, 441
3377, 37, 177, 614, 307, 0, 7.92%, 0, 0, 5, 225.69, 16030995, 441
3382, 37, 177, 614, 307, 0, 7.92%, 0, 0, 5, 8314.41, 16041784, 441
3387, 37, 40, 614, 307, 0, 7.92%, 0, 0, 5, 184.62, 16045328, 441
3393, 37, 177, 614, 307, 0, 7.92%, 0, 0, 5, 48.85, 16051837, 441
3398, 37, 177, 614, 307, 0, 7.92%, 0, 0, 5, 137.99, 16052938, 441
3403, 37, 15, 614, 307, 0, 7.92%, 0, 0, 5, 777.44, 16062642, 441
3408, 37, 10, 614, 307, 0, 7.92%, 0, 0, 5, 53.13, 16070309, 441
3413, 37, 10, 614, 307, 0, 7.92%, 0, 0, 5, 10253.73, 16079698, 441
3418, 37, 22, 614, 307, 0, 7.92%, 0, 0, 5, 56.78, 16093182, 441
3424, 37, 104, 614, 307, 0, 7.92%, 0, 0, 5, 88.14, 16096360, 441
3429, 37, 89, 614, 307, 0, 7.92%, 0, 0, 5, 1173.18, 16116305, 441
3434, 37, 35, 614, 307, 0, 7.92%, 0, 0, 5, 116.01, 16121196, 441
3439, 37, 10, 614, 307, 0, 7.92%, 0, 0, 5, 678.41, 16135699, 441
3444, 37, 35, 614, 307, 0, 7.92%, 0, 0, 5, 404.39, 16145190, 441
3450, 37, 61, 614, 307, 0, 7.92%, 0, 0, 5, 3177.78, 16153885, 441
3456, 37, 127, 614, 307, 0, 7.92%, 0, 0, 5, 554.20, 16167814, 441
3461, 37, 15, 614, 307, 0, 7.92%, 0, 0, 5, 247.76, 16172228, 441
3467, 37, 10, 614, 307, 0, 7.92%, 0, 0, 5, 6428.15, 16180211, 441
3472, 37, 35, 614, 307, 0, 7.92%, 0, 0, 5, 6411.69, 16194161, 441
3477, 37, 61, 614, 307, 0, 7.92%, 0, 0, 5, 69.41, 16201442, 441
3482, 37, 15, 614, 307, 0, 7.92%, 0, 0, 5, 4989.20, 16225592, 441
3489, 37, 75, 614, 307, 0, 7.92%, 0, 0, 5, 441.16, 16236513, 441
3494, 37, 35, 614, 307, 0, 7.92%, 0, 0, 5, 2072.88, 16253073, 441
3499, 37, 61, 614, 307, 0, 7.92%, 0, 0, 5, 1573.61, 16264816, 441
3505, 37, 35, 614, 307, 0, 7.92%, 0, 0, 5, 502.55, 16267756, 441
3511, 37, 10, 614, 307, 0, 7.92%, 0, 0, 5, 54.39, 16279403, 441
3516, 37, 113, 614, 307, 0, 7.92%, 0, 0, 5, 534.89, 16296917, 441
3521, 37, 177, 614, 307, 0, 7.92%, 0, 0, 5, 314.59, 16303007, 441
3528, 37, 35, 614, 307, 0, 7.92%, 0, 0, 5, 821.53, 16310386, 441
3534, 37, 177, 614, 307, 0, 7.92%, 0, 0, 5, 1030.18, 16332537, 441
3539, 37, 61, 614, 307, 0, 7.92%, 0, 0, 5, 3770.97, 16344319, 441
3544, 37, 35, 614, 307, 0, 7.92%, 0, 0, 5, 214.58, 16351258, 441
3549, 37, 35, 614, 307, 0, 7.92%, 0, 0, 5, 511.24, 16355070, 441
3554, 37, 177, 614, 307, 0, 7.92%, 0, 0, 5, 8604.56, 16367110, 441
3560, 37, 127, 614, 307, 0, 7.92%, 0, 0, 5, 7872.24, 16392163, 441
3565, 37, 75, 614, 307, 0, 7.92%, 0, 0, 5, 53.45, 16404455, 441
3571, 37, 80, 614, 307, 0, 7.92%, 0, 0, 5, 180.77, 16413896, 441
3577, 37, 35, 614, 307, 0, 7.92%, 0, 0, 5, 101.40, 16422343, 441
3583, 37, 177, 614, 307, 0, 7.92%, 0, 0, 5, 2585.58, 16433339, 441
3588, 37, 177, 614, 307, 0, 7.92%, 0, 0, 5, 6936.90, 16448389, 441
3594, 37, 112, 614, 307, 0, 7.92%, 0, 0, 5, 243.07, 16468687, 441
3599, 37, 177, 614, 307, 0, 7.92%, 0, 0, 5, 7456.04, 16481882, 441
3604, 37, 130, 614, 307, 0, 7.92%, 0, 0, 5, 59.82, 16496674, 441
3609, 37, 15, 614, 307, 0, 7.92%, 0, 0, 5, 53.37, 16504102, 441
3616, 37, 22, 614, 307, 0, 7.92%, 0, 0, 5, 499.55, 16519311, 441
3622, 37, 89, 614, 307, 0, 7.92%, 0, 0, 5, 56.36, 16533220, 441
3627, 37, 55, 614, 307, 0, 7.92%, 0, 0, 5, 338.70, 16544658, 441
3634, 37, 80, 614, 307, 0, 7.92%, 0, 0, 5, 185.10, 16554870, 441
3639, 37, 94, 614, 307, 0, 7.92%, 0, 0, 5, 712.54, 16562041, 441
3644, 37, 75, 614, 307, 0, 7.92%, 0, 0, 5, 195.74, 16567651, 441
3649, 37, 97, 614, 307, 0, 7.92%, 0, 0, 5, 49.79, 16571796, 441
3654, 37, 0, 614, 307, 0, 7.92%, 0, 0, 5, 49.27, 16577132, 441
3660, 37, 0, 614, 307, 0, 7.92%, 0, 0, 5, 64.64, 16579047, 441
3665, 37, 0, 614, 307, 0, 7.92%, 0, 0, 5, 189.03, 16581131, 441
3670, 37, 22, 614, 307, 0, 7.92%, 0, 0, 5, 384.62, 16587459, 441
3675, 37, 418, 614, 307, 0, 7.92%, 0, 0, 5, 5537.02, 16600262, 441
3681, 37, 94, 614, 307, 0, 7.92%, 0, 0, 5, 965.00, 16611240, 441
3686, 37, 4, 614, 307, 0, 7.92%, 0, 0, 5, 8904.41, 16628449, 441
3691, 37, 4, 614, 307, 0, 7.92%, 0, 0, 5, 55.46, 16631309, 441
3696, 37, 4, 614, 307, 0, 7.92%, 0, 0, 5, 860.00, 16631734, 441
3703, 37, 10, 614, 307, 0, 7.92%, 0, 0, 5, 92.47, 16645294, 441
3708, 37, 10, 614, 307, 0, 7.92%, 0, 0, 5, 347.94, 16649543, 441
3713, 37, 75, 614, 307, 0, 7.92%, 0, 0, 5, 867.00, 16677054, 441
3718, 37, 145, 614, 307, 0, 7.92%, 0, 0, 5, 56.94, 16688131, 441
3724, 37, 10, 614, 307, 0, 7.92%, 0, 0, 5, 79.67, 16698638, 441
3729, 37, 35, 614, 307, 0, 7.92%, 0, 0, 5, 8222.18, 16709980, 441
3734, 37, 145, 614, 307, 0, 7.92%, 0, 0, 5, 695.79, 16718438, 441
3739, 37, 52, 614, 307, 0, 7.92%, 0, 0, 5, 3626.24, 16737692, 441
3745, 37, 35, 614, 307, 0, 7.92%, 0, 0, 5, 2445.98, 16752542, 441
3751, 37, 177, 614, 307, 0, 7.92%, 0, 0, 5, 735.81, 16760309, 441
3757, 37, 177, 614, 307, 0, 7.92%, 0, 0, 5, 93.11, 16775359, 441
3763, 37, 177, 614, 307, 0, 7.92%, 0, 0, 5, 9370.00, 16783804, 441
3768, 37, 280, 614, 307, 0, 7.92%, 0, 0, 5, 8516.64, 16790351, 441
3773, 37, 182, 614, 307, 0, 7.92%, 0, 0, 5, 2137.93, 16801804, 441
3778, 37, 89, 614, 307, 0, 7.92%, 0, 0, 5, 106.89, 16807412, 441
3783, 37, 4, 614, 307, 0, 7.92%, 0, 0, 5, 49.42, 16816627, 441
3788, 37, 4, 614, 307, 0, 7.92%, 0, 0, 5, 237.27, 16817886, 441
3795, 37, 10, 614, 307, 0, 7.92%, 0, 0, 5, 180.53, 16822650, 441
3801, 37, 177, 614, 307, 0, 7.92%, 0, 0, 5, 119.28, 16840893, 441
3808, 37, 22, 614, 307, 0, 7.92%, 0, 0, 5, 188.36, 16850399, 441
3813, 37, 0, 614, 307, 0, 7.92%, 0, 0, 5, 275.53, 16857740, 441
3818, 37, 177, 614, 307, 0, 7.92%, 0, 0, 5, 343.01, 16863862, 441
3824, 37, 177, 614, 307, 0, 7.92%, 0, 0, 5, 49.52, 16877009, 441
3830, 37, 75, 614, 307, 0, 7.92%, 0, 0, 5, 55.76, 16883032, 441
3835, 37, 10, 614, 307, 0, 7.92%, 0, 0, 5, 50.21, 16888385, 441
3840, 37, 10, 614, 307, 0, 7.92%, 0, 0, 5, 52.68, 16898265, 441
3845, 37, 10, 614, 307, 0, 7.92%, 0, 0, 5, 7865.00, 16915050, 441
3850, 37, 10, 614, 307, 0, 7.92%, 0, 0, 5, 2760.00, 16921920, 441
3856, 37, 352, 614, 307, 0, 7.92%, 0, 0, 5, 421.44, 16928928, 441
3862, 37, 127, 614, 306, 0, 7.92%, 0, 0, 5, 144.37, 16939850, 441
3867, 37, 127, 614, 306, 0, 7.92%, 0, 0, 5, 56.45, 16940559, 441
3872, 37, 22, 614, 306, 0, 7.92%, 0, 0, 5, 48.86, 16948004, 441
3877, 37, 104, 614, 306, 0, 7.92%, 0, 0, 5, 1196.85, 16957743, 441
3882, 37, 89, 614, 306, 0, 7.92%, 0, 0, 5, 56.14, 16964271, 441
3889, 38, 89, 614, 306, 0, 7.92%, 0, 0, 5, 305.84, 16976446, 441
3894, 38, 35, 614, 306, 0, 7.92%, 0, 0, 5, 2300.49, 16982353, 441
3900, 38, 80, 614, 306, 0, 7.92%, 0, 0, 5, 78.20, 16990642, 441
3905, 38, 146, 614, 306, 0, 7.92%, 0, 0, 5, 2822.87, 17002528, 441
3910, 38, 146, 614, 306, 0, 7.92%, 0, 0, 5, 192.64, 17012275, 441
3915, 38, 220, 614, 306, 0, 7.92%, 0, 0, 5, 9140.00, 17027641, 441
3920, 38, 220, 614, 306, 0, 7.92%, 0, 0, 5, 234.41, 17030188, 441
3925, 38, 35, 614, 306, 0, 7.92%, 0, 0, 5, 9693.60, 17040364, 441
3931, 38, 55, 614, 306, 0, 7.92%, 0, 0, 5, 287.86, 17055675, 441
3936, 38, 10, 614, 306, 0, 7.92%, 0, 0, 5, 56.22, 17063888, 441
3941, 38, 35, 614, 306, 0, 7.92%, 0, 0, 5, 6328.50, 17073694, 441
3946, 38, 177, 614, 306, 0, 7.92%, 0, 0, 5, 8302.77, 17084293, 441
3951, 38, 4, 614, 306, 0, 7.92%, 0, 0, 5, 61.06, 17090636, 441
3956, 38, 15, 614, 306, 0, 7.92%, 0, 0, 5, 1207.53, 17097157, 441
3961, 38, 75, 614, 306, 0, 7.92%, 0, 0, 5, 48.71, 17100098, 441
3966, 38, 10, 614, 306, 0, 7.92%, 0, 0, 5, 100.68, 17101485, 441
3971, 38, 10, 614, 306, 0, 7.92%, 0, 0, 5, 107.99, 17104915, 441
